0 0.41300114633333335 0.3751583468333333 0.205231794 0.06986614266666663
0 0.5898498198333333 0.35900180141666665 0.13798563166666666 0.041046358833333345
0 0.7636418495833334 0.36555175225 0.06637283549999996 0.04366633916666667
0 0.38636467941666663 0.4188246860833333 0.07685275683333335 0.013973228499999995
0 0.3854913526666667 0.45725106449999997 0.13449232466666672 0.05763956766666666
0 0.52566030125 0.45637773766666667 0.1440989191666667 0.05763956766666666
0 0.34095168675 0.5795168140833333 0.04890629983333331 0.010479921500000084
0 0.5881031663333334 0.581700131 0.040173031999999956 0.014846555333333337
0 0.38068805533333333 0.6327897478333333 0.12837903699999997 0.07510610333333337
0 0.7802350585 0.8467548096666667 0.05065295333333334 0.017466535666666706
1 0.49553052724999996 0.5310471776666666 0.3598106345 0.08296604433333328