0 0.3260017405 0.3268061910833333 0.06836578733333336 0.04962032949999999
0 0.46493866325 0.32460084316666665 0.1543743585 0.02977219766666669
0 0.7924328382500001 0.3279088650833333 0.15878505450000005 0.05182567749999999
0 0.38113544 0.41060941441666665 0.14555296666666664 0.05623637349999996
0 0.57410338825 0.45251102600000004 0.1962759701666667 0.023156153666666627
0 0.8067676001666667 0.3995826745 0.12349948700000009 0.08049520133333336
0 0.3375798174166667 0.4888992676666667 0.13783424883333334 0.03638824166666675
1 0.5663846702499999 0.54182761925 0.6064706944999999 0.05844172150000001
0 0.3651466670833333 0.889169926 0.19958399216666667 0.043004285666666725
0 0.7692766845 0.8797971970833334 0.21832944999999995 0.05513369950000007
0 0.376724744 0.8213554755833333 0.22053479800000006 0.05733904750000003
0 0.7747900545 0.8180474536666666 0.18745457833333348 0.044106959666666605