0 0.8783333333333333 0.055 0.13666666666666666 0.07666666666666666
0 0.8858333333333334 0.10916666666666666 0.115 0.028333333333333332
0 0.5475 0.03916666666666667 0.275 0.075
0 0.205 0.07083333333333333 0.3933333333333333 0.13166666666666665
0 0.15333333333333332 0.22833333333333333 0.26 0.10666666666666667
0 0.14583333333333334 0.62 0.225 0.14
0 0.4225 0.22916666666666666 0.275 0.10833333333333334
1 0.36583333333333334 0.39666666666666667 0.6816666666666666 0.22
0 0.060833333333333336 0.5191666666666667 0.08166666666666667 0.025
0 0.5566666666666666 0.5283333333333333 0.10333333333333333 0.04
0 0.9116666666666666 0.9766666666666667 0.10666666666666667 0.03333333333333333
0 0.15333333333333332 0.15416666666666667 0.15 0.021666666666666667