0 0.8808333333333334 0.055 0.13833333333333334 0.07666666666666666
0 0.8875 0.1125 0.15833333333333333 0.035
0 0.5508333333333333 0.059166666666666666 0.285 0.115
0 0.205 0.06583333333333333 0.3933333333333333 0.125
0 0.15166666666666667 0.15583333333333332 0.15333333333333332 0.03166666666666667
0 0.15416666666666667 0.245 0.25833333333333336 0.13666666666666666
0 0.4216666666666667 0.2425 0.28 0.13833333333333334
1 0.41 0.4791666666666667 0.77 0.315
0 0.7041666666666667 0.7183333333333334 0.40166666666666667 0.15
0 0.9183333333333333 0.9791666666666666 0.12333333333333334 0.035
0 0.1225 0.8933333333333333 0.185 0.06666666666666667
0 0.14 0.7208333333333333 0.23 0.16833333333333333