0 0.13666666666666666 0.0875 0.10333333333333333 0.075
0 0.3466666666666667 0.08416666666666667 0.23333333333333334 0.045
0 0.8416666666666667 0.08916666666666667 0.24 0.07833333333333334
0 0.22 0.21416666666666667 0.22 0.085
0 0.5116666666666667 0.2775 0.2966666666666667 0.035
0 0.8633333333333333 0.1975 0.18666666666666668 0.12166666666666667
0 0.15416666666666667 0.3325 0.20833333333333334 0.055
1 0.5 0.4125 0.9166666666666666 0.08833333333333333
0 0.19583333333333333 0.9375 0.3016666666666667 0.065
0 0.8066666666666666 0.9233333333333333 0.33 0.08333333333333333
0 0.21333333333333335 0.835 0.3333333333333333 0.08666666666666667
0 0.815 0.83 0.2833333333333333 0.06666666666666667