1 0.36583333333333334 0.4475 0.6816666666666666 0.225
0 0.13583333333333333 0.6791666666666667 0.225 0.14833333333333334
0 0.545 0.5858333333333333 0.08666666666666667 0.03833333333333333
0 0.08083333333333333 0.575 0.11833333333333333 0.023333333333333334
0 0.15416666666666667 0.24333333333333335 0.25166666666666665 0.13666666666666666
0 0.42333333333333334 0.25333333333333335 0.2733333333333333 0.15333333333333332
0 0.15333333333333332 0.1525 0.15333333333333332 0.035
0 0.6733333333333333 0.18583333333333332 0.16666666666666666 0.041666666666666664
0 0.5566666666666666 0.04 0.3 0.07666666666666666
0 0.20666666666666667 0.07166666666666667 0.3933333333333333 0.13333333333333333
0 0.8841666666666667 0.1125 0.16166666666666665 0.03166666666666667
0 0.8766666666666667 0.05333333333333334 0.12 0.08
0 0.92 0.975 0.11666666666666667 0.03666666666666667