0 0.73797402 0.37012391975 0.10806609766666658 0.028690114499999975
0 0.41329755825000003 0.37299293116666665 0.1396252235 0.019126743000000015
0 0.373131398 0.40598656283333334 0.05546755466666667 0.043035171666666705
0 0.39130180383333335 0.46384496025000005 0.09563371466666666 0.05738022883333334
0 0.6738994310833333 0.46049778025000004 0.1998744638333333 0.08702668050000005
0 0.7021113769166667 0.5680857093333332 0.21421952116666668 0.02869011433333327
0 0.4056468610833333 0.5456117864166666 0.12432382916666664 0.020083080166666604
1 0.57826571625 0.6493743669166666 0.5078150255 0.14536324650000002
0 0.72362896275 0.750267936 0.21517585816666668 0.041122497333333285
0 0.38652011808333336 0.81960237925 0.09372104050000005 0.06503092616666663
0 0.5777875476666666 0.8167333678333334 0.09180836633333334 0.051642206000000024
0 0.7518409085833334 0.8119516820833333 0.07841964616666672 0.04399150883333334