0 0.4533333333333333 0.47 0.07333333333333333 0.03333333333333333
0 0.8941666666666667 0.4683333333333333 0.165 0.03333333333333333
0 0.10416666666666667 0.9758333333333333 0.11166666666666666 0.035
0 0.855 0.5658333333333333 0.23666666666666666 0.155
0 0.8408333333333333 0.23166666666666666 0.265 0.11333333333333333
0 0.575 0.22916666666666666 0.27666666666666667 0.105
0 0.8391666666666666 0.15666666666666668 0.15166666666666667 0.03
0 0.7975 0.07333333333333333 0.3883333333333333 0.13
0 0.4558333333333333 0.04 0.27166666666666667 0.07666666666666666
0 0.11416666666666667 0.10833333333333334 0.11833333333333333 0.02666666666666667
0 0.1225 0.05333333333333334 0.13166666666666665 0.08
1 0.6325 0.36666666666666664 0.6816666666666666 0.16333333333333333