0 0.15333333333333332 0.2275 0.25666666666666665 0.10833333333333334
0 0.15333333333333332 0.15333333333333332 0.15333333333333332 0.023333333333333334
0 0.8783333333333333 0.056666666666666664 0.11666666666666667 0.08
0 0.20416666666666666 0.0725 0.39166666666666666 0.13166666666666665
0 0.5466666666666666 0.03916666666666667 0.27666666666666667 0.075
0 0.42583333333333334 0.23583333333333334 0.2783333333333333 0.125
0 0.9141666666666667 0.9783333333333334 0.10166666666666667 0.02666666666666667
0 0.135 0.5783333333333334 0.22666666666666666 0.14
0 0.08416666666666667 0.4766666666666667 0.11833333333333333 0.02666666666666667
0 0.5375 0.4841666666666667 0.09833333333333333 0.03166666666666667
1 0.3675 0.3858333333333333 0.685 0.15833333333333333
0 0.8808333333333334 0.11333333333333333 0.125 0.04