0 0.5893520018333334 0.58420024125 0.03762986966666669 0.017104486166666676
0 0.36314517225000004 0.5833450169166666 0.0846672065 0.017104486166666676
0 0.7685214945000001 0.8437608189166668 0.05730002866666666 0.01795971050000001
0 0.38324294350000004 0.633375639 0.12144185166666664 0.07953586066666664
0 0.3905123501666667 0.46190316516666674 0.13598066500000003 0.058155253
0 0.52692062725 0.4606203286666667 0.1419672351666666 0.05387913133333332
0 0.39136757441666664 0.42341807125 0.07782541216666662 0.015394037500000006
0 0.41274818208333336 0.38065685583333336 0.19926726383333337 0.06670749600000003
0 0.5880691653333333 0.36355236975 0.1394015623333333 0.03934031816666665
0 0.7633901485833333 0.39861656633333337 0.06072092583333339 0.013683588999999993
0 0.759114027 0.37039416416666665 0.06756272033333337 0.04105076666666667
1 0.4974153886666666 0.5311763341666667 0.349786742 0.08381198233333331