0 0.8825 0.028333333333333332 0.13833333333333334 0.03666666666666667
0 0.46 0.035833333333333335 0.66 0.018333333333333333
0 0.8208333333333333 0.1325 0.235 0.06166666666666667
0 0.5541666666666667 0.14333333333333334 0.26166666666666666 0.10666666666666667
0 0.2275 0.13666666666666666 0.165 0.08666666666666667
0 0.8541666666666666 0.23166666666666666 0.175 0.02666666666666667
1 0.49833333333333335 0.30416666666666664 0.91 0.115
0 0.285 0.3825 0.49 0.028333333333333332
0 0.8716666666666667 0.4058333333333333 0.15333333333333332 0.028333333333333332
1 0.49833333333333335 0.5733333333333334 0.9066666666666666 0.29333333333333333
0 0.8241666666666667 0.765 0.23166666666666666 0.07333333333333333
0 0.5475 0.7733333333333333 0.13166666666666665 0.03333333333333333
0 0.2525 0.775 0.145 0.03666666666666667