0 0.32324222925 0.30120150625 0.08754374616666666 0.0232043665
0 0.59061981575 0.3059478539166667 0.4176785965 0.011602183166666672
0 0.36226775475 0.36712300191666664 0.14871889416666667 0.039025525500000005
0 0.5310267835833334 0.37397883741666665 0.16559479716666667 0.06750361149999999
0 0.7377565940833334 0.36975986175000003 0.10441964916666668 0.054846684500000006
0 0.3411728760833333 0.42988026575 0.11074811283333333 0.016875902833333355
1 0.56636070525 0.47576162674999994 0.5758901861666668 0.07277733116666667
0 0.7013679284166666 0.5253345915833334 0.3100947155000001 0.017930646833333317
0 0.33009806483333337 0.5401010065833333 0.09703644166666668 0.017930646833333317
1 0.5663607053333334 0.6461027715833333 0.5737806983333333 0.1856349318333334
0 0.36015826683333335 0.7673983236666667 0.14660940633333336 0.046408733
0 0.5352457593333333 0.77267204325 0.08332477066666664 0.021094878500000032
0 0.7219354350833334 0.77372678725 0.0917627218333333 0.02320436650000005