0 0.1175 0.055 0.13833333333333334 0.07666666666666666
0 0.11083333333333334 0.1125 0.15833333333333333 0.035
0 0.4475 0.059166666666666666 0.285 0.115
0 0.7933333333333333 0.06583333333333333 0.3933333333333333 0.125
0 0.8466666666666667 0.15583333333333332 0.15333333333333332 0.03166666666666667
0 0.8441666666666666 0.245 0.25833333333333336 0.13666666666666666
0 0.5766666666666667 0.2425 0.28 0.13833333333333334
1 0.5883333333333334 0.4791666666666667 0.77 0.315
0 0.2941666666666667 0.7183333333333334 0.40166666666666667 0.15
0 0.08 0.9791666666666666 0.12333333333333334 0.035
0 0.8758333333333334 0.8933333333333333 0.185 0.06666666666666667
0 0.8583333333333333 0.7208333333333333 0.23 0.16833333333333333