1 0.47510403749999996 0.5640090645 0.4638535246666667 0.15310568666666663
0 0.31859600233333335 0.721651216 0.15310568666666663 0.10093634166666665
0 0.59702152875 0.6581407089166667 0.05897404216666672 0.026084672499999993
0 0.2811701678333334 0.6507689536666668 0.08052224999999998 0.015877626666666724
0 0.3310712805 0.4250798304166667 0.1712515456666667 0.09299752816666663
0 0.5142310463333333 0.4318845275833333 0.18599505633333335 0.10433869016666672
0 0.33050422241666666 0.36327049758333335 0.10433869016666666 0.023816440166666696
0 0.6843484759999999 0.3859528215833333 0.11341161966666666 0.028352904833333335
0 0.6049603420833334 0.28671765433333335 0.20414091549999994 0.052169344999999985
0 0.36679594066666665 0.3082658620833333 0.2676514226666667 0.09072929583333333
0 0.8278141749166668 0.3360517089166667 0.11000927116666664 0.02154820783333335
0 0.8227106520833333 0.2957905839166667 0.08165636616666679 0.05443757749999999
0 0.8521976731666666 0.922956841 0.07938813366666665 0.024950556333333224