0 0.7933333333333333 0.07166666666666667 0.39 0.13333333333333333
0 0.45 0.04083333333333333 0.28 0.07833333333333334
0 0.1125 0.115 0.11166666666666666 0.03333333333333333
0 0.8433333333333334 0.15333333333333332 0.16 0.03333333333333333
0 0.8433333333333334 0.22666666666666666 0.26 0.11
0 0.5733333333333334 0.22666666666666666 0.27666666666666667 0.11
0 0.8583333333333333 0.5625 0.22666666666666666 0.14166666666666666
0 0.435 0.47 0.12333333333333334 0.03333333333333333
0 0.93 0.4625 0.08333333333333333 0.021666666666666667
0 0.08166666666666667 0.9775 0.12666666666666668 0.025
1 0.6308333333333334 0.36916666666666664 0.685 0.15833333333333333
0 0.11666666666666667 0.05333333333333334 0.13333333333333333 0.08333333333333333