0 0.32796640508333336 0.34042458075000004 0.10547448083333331 0.06372416550000001
0 0.48398074141666664 0.3222961543333333 0.20215942150000005 0.020875157666666696
0 0.5696787570833334 0.35251019841666664 0.23292281183333338 0.02417123516666668
0 0.5685800645833333 0.3739347023333333 0.10547448083333336 0.014283002666666676
0 0.36532195050000005 0.40469809258333334 0.1582117213333334 0.03186208283333334
0 0.5685800646666667 0.4085435163333333 0.20435680666666664 0.03515816033333332
0 0.7608512536666666 0.40689547758333333 0.1450274113333333 0.03845423783333331
0 0.5658333333333333 0.43161605908333334 0.10877055833333335 0.01757908016666666
0 0.5619879095833333 0.46402748808333333 0.5515436395000001 0.03405946783333339
0 0.5685800645833333 0.4909454545833334 0.21094896183333334 0.017579080166666757
0 0.5614385633333333 0.5365411936666667 0.5438527919999999 0.05383593300000001
1 0.5652839870833333 0.6458610982499999 0.5515436395 0.13843525616666671
0 0.5630866020833333 0.7216708814166666 0.5405567145 0.01757908016666666
0 0.5537477156666667 0.7864937395 0.5482475619999999 0.03955293033333333
0 0.5575931395 0.7474901554166666 0.5361619443333333 0.03186208283333334
0 0.4136644208333333 0.8573594062500001 0.254896662 0.05383593283333331
0 0.7026205506666666 0.8551620212500001 0.25709404699999994 0.05603331783333346