0 0.4875 0.0375 0.195 0.07166666666666667
0 0.49333333333333335 0.09166666666666666 0.53 0.03
0 0.14083333333333334 0.135 0.275 0.043333333333333335
0 0.3775 0.13583333333333333 0.20166666666666666 0.035
0 0.5966666666666667 0.135 0.24 0.04666666666666667
0 0.8541666666666666 0.13583333333333333 0.27166666666666667 0.041666666666666664
0 0.24 0.22083333333333333 0.4766666666666667 0.125
0 0.7358333333333333 0.22416666666666665 0.5116666666666667 0.11833333333333333
0 0.24083333333333334 0.34833333333333333 0.47833333333333333 0.13333333333333333
0 0.7341666666666666 0.35 0.5083333333333333 0.13
1 0.4975 0.6375 0.9916666666666667 0.445