0 0.81247691125 0.3121338565833333 0.0893948338333333 0.049544124833333335
0 0.816785096 0.3492919501666667 0.10231938833333336 0.022617970000000015
0 0.5992217652499999 0.3148264720833333 0.18417489883333332 0.07431618716666667
0 0.3757346805 0.3191346568333333 0.25418290133333327 0.0807784643333333
0 0.3412692023333333 0.3772951511666667 0.09908824966666667 0.02046387766666669
0 0.34288477166666664 0.43491712241666663 0.1669421596666667 0.08831778783333334
0 0.5157506854166667 0.43330155316666663 0.18094376016666666 0.089394834
1 0.5082113620833333 0.5862421124166667 0.4975953404999999 0.20356173016666665
0 0.6983100149166668 0.7407982408333333 0.2595681321666667 0.09693415733333334
0 0.8367104505833334 0.9093559698333333 0.07970141816666673 0.022617970000000015
0 0.32242089399999996 0.8538880910000001 0.11955212733333331 0.04308184766666661
0 0.3337298790833333 0.7424138101666667 0.1486323745 0.10878166533333333