0 0.2075 0.07166666666666667 0.39166666666666666 0.13333333333333333
0 0.545 0.04083333333333333 0.2633333333333333 0.07833333333333334
0 0.8766666666666667 0.05333333333333334 0.12666666666666668 0.08333333333333333
0 0.15666666666666668 0.155 0.14666666666666667 0.02666666666666667
0 0.155 0.22833333333333333 0.25666666666666665 0.11
0 0.4225 0.22666666666666666 0.275 0.11
0 0.07 0.46166666666666667 0.09333333333333334 0.02
0 0.5416666666666666 0.4658333333333333 0.07666666666666666 0.028333333333333332
0 0.14583333333333334 0.5633333333333334 0.245 0.14333333333333334
0 0.9083333333333333 0.9716666666666667 0.09666666666666666 0.03333333333333333
1 0.365 0.36916666666666664 0.6866666666666666 0.15833333333333333