0 0.39221784625 0.46278438041666675 0.12885197583333338 0.054385574166666686
0 0.39221784625 0.4255511796666667 0.07697650516666665 0.011713816000000037
0 0.75618284325 0.3770225133333333 0.058569079833333336 0.040161655
0 0.4177372310833333 0.3849711741666667 0.1966247685 0.06609939033333333
0 0.5896793158333333 0.36823715133333335 0.13889238966666673 0.037651551333333325
0 0.5290184830833333 0.4669678861666667 0.1397290908333334 0.0627525856666666
0 0.7741719178333333 0.8397182451666667 0.051038769666666706 0.013387218333333332
0 0.38301413366666665 0.6389099709999999 0.1137913553333333 0.07028289600000003
0 0.3574947488333333 0.58787120125 0.05940578100000001 0.013387218166666723
0 0.5850774595833333 0.5916363563333333 0.04936536749999997 0.015897321666666738
1 0.49973394308333335 0.5422709889166667 0.3438841695 0.07948660850000001
0 0.757437895 0.40547035216666666 0.0627525856666667 0.020080827333333294