0 0.86 0.10666666666666667 0.16 0.09666666666666666
0 0.6233333333333333 0.07916666666666666 0.30666666666666664 0.03166666666666667
0 0.49333333333333335 0.125 0.35333333333333333 0.03666666666666667
0 0.495 0.1575 0.16 0.021666666666666667
0 0.8033333333333333 0.20416666666666666 0.24 0.04833333333333333
0 0.495 0.21 0.31 0.05333333333333334
0 0.20333333333333334 0.2075 0.22 0.058333333333333334
0 0.49916666666666665 0.245 0.165 0.02666666666666667
0 0.505 0.2941666666666667 0.8366666666666667 0.051666666666666666
0 0.495 0.335 0.32 0.02666666666666667
0 0.5058333333333334 0.4041666666666667 0.825 0.08166666666666667
1 0.5 0.57 0.8366666666666667 0.21
0 0.5033333333333333 0.685 0.82 0.02666666666666667
0 0.5175 0.7833333333333333 0.8316666666666667 0.06
0 0.5116666666666667 0.7241666666666666 0.8133333333333334 0.04833333333333333
0 0.73 0.8908333333333334 0.38666666666666666 0.08166666666666667
0 0.2916666666666667 0.8875 0.39 0.085