0 0.8608333333333333 0.10416666666666667 0.12833333333333333 0.09166666666666666
0 0.6466666666666666 0.10666666666666667 0.24333333333333335 0.12
0 0.20083333333333334 0.07 0.2816666666666667 0.05
0 0.16083333333333333 0.135 0.19833333333333333 0.056666666666666664
0 0.7341666666666666 0.275 0.37166666666666665 0.15333333333333332
0 0.25833333333333336 0.2758333333333333 0.35 0.16166666666666665
1 0.49416666666666664 0.3983333333333333 0.925 0.056666666666666664
1 0.49666666666666665 0.5408333333333334 0.9266666666666666 0.24166666666666667
0 0.19333333333333333 0.765 0.31 0.16666666666666666
0 0.9141666666666667 0.7358333333333333 0.07833333333333334 0.085
0 0.49916666666666665 0.8883333333333333 0.425 0.05333333333333334