0 0.3948955453333333 0.35074999458333334 0.22662573600000002 0.07747888416666664
0 0.5944036718333333 0.33283300266666666 0.1627056566666667 0.04551884433333337
0 0.7905220971666668 0.3759306318333333 0.06488856533333329 0.019369721000000006
0 0.36584096375 0.3982058110833333 0.09297466083333333 0.019369721166666666
0 0.3658409638333333 0.44081919733333336 0.151083824 0.06392007933333337
0 0.5227357040833334 0.44081919733333336 0.16076868450000006 0.06392007933333337
0 0.35712458933333335 0.6359691366666667 0.131714103 0.08232131433333337
0 0.60312004625 0.5822181608333333 0.07166796783333335 0.019369721000000006
0 0.3154796891666667 0.5778599735000001 0.048424302666666676 0.012590318666666652
0 0.8084390890833333 0.8771221633333335 0.07360493983333337 0.014527290666666772
1 0.4893229353333334 0.5236247547499999 0.398047767 0.09200617483333332
0 0.7881008820833334 0.340096648 0.07747888416666664 0.048424302666666676