0 0.36056939825 0.37498439650000004 0.07283558983333335 0.052025421333333335
0 0.48211970083333333 0.37640327158333337 0.1381038456666667 0.06810600616666666
0 0.7351524319166667 0.3555931030833333 0.15985993116666672 0.02837750249999999
0 0.7578544339166666 0.39248385641666667 0.11256409350000003 0.0321611695
0 0.43245907133333333 0.4719408635833333 0.21093943566666667 0.08702434116666666
0 0.7025183039166667 0.47241382191666675 0.19864251783333334 0.09175392483333335
1 0.5686710835833334 0.5419387031666667 0.5249837971666667 0.032161169666666656
1 0.5672522085 0.6228145855 0.5259297140000001 0.13715792900000007
0 0.73940905725 0.7500403885833333 0.1759405158333333 0.09459167516666668
0 0.33030006216666663 0.7334868454166668 0.04445808733333332 0.048241754499999935
0 0.5658333333333333 0.8200382281666666 0.24120877166666674 0.030269335999999973