0 0.7991666666666667 0.1 0.18833333333333332 0.05
0 0.23333333333333334 0.105 0.24333333333333335 0.03333333333333333
0 0.16333333333333333 0.1625 0.09666666666666666 0.075
0 0.195 0.2633333333333333 0.16666666666666666 0.1
0 0.6875 0.2575 0.34833333333333333 0.15166666666666667
0 0.7366666666666667 0.445 0.37333333333333335 0.05
0 0.22 0.4058333333333333 0.21666666666666667 0.035
1 0.5208333333333334 0.5866666666666667 0.885 0.25333333333333335
0 0.7741666666666667 0.7625 0.375 0.07166666666666667
0 0.18666666666666668 0.8833333333333333 0.16333333333333333 0.11333333333333333
0 0.52 0.8783333333333333 0.16 0.09
0 0.8233333333333334 0.87 0.13666666666666666 0.07666666666666666