0 0.7908333333333334 0.07166666666666667 0.39166666666666666 0.13333333333333333
0 0.4533333333333333 0.04083333333333333 0.2633333333333333 0.07833333333333334
0 0.12166666666666667 0.05333333333333334 0.12666666666666668 0.08333333333333333
0 0.8416666666666667 0.155 0.14666666666666667 0.02666666666666667
0 0.8433333333333334 0.22833333333333333 0.25666666666666665 0.11
0 0.5758333333333333 0.22666666666666666 0.275 0.11
0 0.9283333333333333 0.46166666666666667 0.09333333333333334 0.02
0 0.45666666666666667 0.4658333333333333 0.07666666666666666 0.028333333333333332
0 0.8525 0.5633333333333334 0.245 0.14333333333333334
0 0.09 0.9716666666666667 0.09666666666666666 0.03333333333333333
1 0.6333333333333333 0.36916666666666664 0.6866666666666666 0.15833333333333333