0 0.19916666666666666 0.1 0.18833333333333332 0.05
0 0.765 0.105 0.24333333333333335 0.03333333333333333
0 0.835 0.1625 0.09666666666666666 0.075
0 0.8033333333333333 0.2633333333333333 0.16666666666666666 0.1
0 0.31083333333333335 0.2575 0.34833333333333333 0.15166666666666667
0 0.26166666666666666 0.445 0.37333333333333335 0.05
0 0.7783333333333333 0.4058333333333333 0.21666666666666667 0.035
1 0.4775 0.5866666666666667 0.885 0.25333333333333335
0 0.22416666666666665 0.7625 0.375 0.07166666666666667
0 0.8116666666666666 0.8833333333333333 0.16333333333333333 0.11333333333333333
0 0.47833333333333333 0.8783333333333333 0.16 0.09
0 0.175 0.87 0.13666666666666666 0.07666666666666666